99
88
66
47
44
56
44
65
88
65
72
96
46
29
11
66
88
77
32
59
26
21
77
55
11
21
52
77
16
34
33
44
76
99
32
99
88
12
96
65
66
33
69
31
48
55
16
88
61
66
55
71
94
14
77
44
33
52
61
35
64
15
33
34
55
11
91
34
99
68
99
43
49
99
28
99
33
58
36
11
66
12
84
66
78
88
73
86
55
45
66
23
33
11
15
55
99
44
43
83
47
11
12
92
36
55
44
15
22
95
64
77
55
17
36
42
56
51
82
75
99
33
89
55
48
66
54
89
66
55
62
93
33
29
22
34
89
55
48
34
37
98
44
36
52
35
88
77
99
15
87
22
33
55
51
99
88
22
64
44
12
33
58
99
75
54
27
55
66
22
66
22
54
99
62
13
59
11
88
44
79
26
11
33
38
75
55
28
66
96
32
44
57
93
14
51
22
11
11
11
44
26
99
69
55
99
87
93
33
66
45
71
42
22
11
54
33
33
95
33
51
23
67
74
49
99
56
46
15
11
47
62
99
84
88
17
44
27
11
99
72
22
65
32
99
25
12
99
77
83
73
59
22
64
78
51
44
79
73
77
14
32
39
57
99
67
44
59
27
76
43
79
33
33
81
11
96
11
55
55
99
28
29
27
22
77
77
52
77
77
49
56
71
99
55
11
99
96
66
66
44
79
99
41
11
55
59
94
11
33
11
73
44
51
44
19
22
72
88
28
91
69
29
53
17
88
83
32
79
91
33
66
89
72
63
11
85
87
37
14
94
51
88
44
11
82
66
95
91
99
12
19
22
34
42
13
26
88
26
25
31
31
15
97
22
55
11
49
91
26
36
69
11
68
58
18
55
33
49
63
91
94
33
92
55
77
77
36
55
22
83
43
88
82
18
19
99
33
22
86
31
11
22
77
62
77
71
55
53
82
81
11
77
66
85
88
66
36
44
94
19
55
39
11
48
51
39
75
36
33
18
22
79
93
54
59
44
51
31
22
54
35
77
55
24
28
66
46
66
99
32
22
66
38
88
88
86
15
77
18
56
22
36
63
76
55
65
11
96
22
66
33
34
33
63
55
74
95
75
71
44
69
67
47
99
84
44
41
26
26
91
67
32
39
77
79
25
88
38
55
77
27
11
64
79
44
29
64
61
66
88
31
88
22
51
69
24
12
73
94
28
84
91
56
67
37
83
77
66
65
79
88
61
24
18
59
54
18
66
41
97
82
99
81
81
44
49
65
34
53
55
99
93
31
59
96
11
55
13
22
49
11
99
28
55
27
42
85
33
95
61
77
17
59
22
97
77
77
44
34
44
22
46
99
82
15
73
52
45
17
37
66
48
11
33
31
87
19
45
55
35
66
19
99
94
44
23
61
53
88
31
99
88
44
77
42
28
49
99
33
55
77
86
22
51
37
88
27
14
71
33
94
12
49
44
11
99
66
92
87
22
22
17
55
55
99
26
29
26
64
52
88
66
73
87
66
44
47
98
95
22
68
43
63
77
77
22
78
72
23
44
67
71
39
11
23
44
47
77
11
22
95
29
41
25
66
25
33
69
55
75
45
88
33
88
84
49
93
33
11
32
33
86
57
44
55
41
22
11
22
88
36
25
11
54
58
44
51
13
45
52
33
49
11
65
26
55
11
44
46
77
14
24
78
96
33
46
79
33
84
11
68
59
59
48
16
31
33
22
58
22
66
99
97
16
55
98
69
22
55
77
94
22
44
66
29
48
89
65
44
99
17
93
74
94
52
33
69
36
99
55
58
43
99
44
88
68
27
54
22
88
77
31
11
33
49
41
21
44
66
55
28
33
48
13
15
93
47
16
17
92
33
45
95
72
75
67
98
58
47
58
98
74
55
83
62
82
74
38
18
88
33
77
44
59
88
59
85
12
75
49
18
11
22
55
83
55
12
23
39
77
19
11
97
36
14
27
25
11
48
61
47
11
62
85
95
43
17
88
56
56
62
62
48
24
42
74
12
58
12
51
96
95
62
96
33
66
93
24
11
32
51
55
22
14
73
73
99
14
54
32
49
11
25
66
82
88
63
88
33
46
46
99
82
71
78
41
63
23
38
32
33
17
43
11
44
88
99
73
51
23
86
55
51
81
22
16
22
44
25
44
15
99
33
27
56
27
44
77
78
68
66
77
98
32
88
99
33
88
33
99
99
55
61
81
33
45
84
18
91
11
22
11
22
11
17
33
23
31
22
15
41
88
91
57
63
27
42
11
67
11
44
55
38
31
99
67
66
99
99
